414.587948827431	357.280304402123	667.845746580574	673.98832493431	232.898641106196	294.967233100786	256.415112362591	1049.82647949363	1036.18783759438	413.154079013765	751.244440839472	737.117853961999	1
413.193624946996	356.318390510884	668.048008778602	669.638637475736	230.890322879857	297.421980503884	251.580706980753	999.869048503036	1035.49520445079	412.671721833905	749.70710771245	732.723249850517	1
411.86963776692	356.499193617489	667.235755785329	668.078386458631	232.701177209929	296.045055321489	257.101261239943	1046.59772816891	1035.3674270111	412.047288866022	747.649828214334	732.50306697335	1
410.072372248644	355.737028594532	668.134337956504	668.386751941823	233.692151776462	296.205755801783	256.312021397807	1049.94489278584	1035.16867246475	412.767225823865	748.061701540323	731.775117378723	1
409.1721591589	355.350012336055	667.453918868168	667.05440638675	232.136231338818	293.440668399282	260.612321727235	1051.77901863435	1035.47599667574	411.776908589932	745.44614961649	729.803097850929	1
406.780926963128	355.583459370673	666.091503767106	663.316340832858	233.153504378306	293.187985372708	257.218633847334	1045.5921009158	1034.52968723343	411.027066751248	742.216661921767	727.901898435189	1
408.409782432655	355.196575244656	666.032346844141	665.127430492725	233.127519133307	289.596556935892	255.915227861682	1047.83000415516	1034.56850587431	412.177533993765	741.519853560885	727.277293258813	1
406.831799825866	365.782554585093	675.429124050714	667.0095845948	235.309526635259	297.507384130015	256.018002207996	1045.27459931194	1040.91743225927	428.270823202028	749.943843343575	732.074355046104	1
401.733479478683	357.614242782686	656.142675388678	649.901340580266	201.823418927825	295.353965239395	258.170981610268	1030.14292324133	1022.99115625749	421.501805875612	739.511135306989	725.141111093489	1
399.366714750246	368.17670107994	675.761398994134	677.586033466329	266.764008142204	289.923420571002	218.922778226917	1047.57281635086	1041.49409564845	391.517604050212	733.411548362029	727.350547794246	1
397.300634646526	362.620293306033	624.684450153846	623.728084784476	297.161602523395	291.15311757068	220.718506977479	1018.22606068575	1017.54782606402	411.342018578073	742.395521331259	737.319501484753	1
395.780208028743	365.847919600477	629.169780080764	623.065216715738	297.213650618016	293.117840658471	226.473440227303	964.83716573965	1024.58830136564	408.255122296373	752.066825983445	747.878771272381	1
377.241085760135	361.929954156861	693.036623363988	680.137262768892	297.532636543229	288.235996523991	220.624164421651	1011.88291893594	1071.06621092418	368.733198179269	706.709886387862	712.523965091314	1
403.172638579547	362.573099556853	643.93273002501	637.952583222983	318.827999817682	308.32236856049	235.960885846818	1034.62256805586	1038.15553316275	416.286455041371	744.632916395352	744.240137464544	1
405.766254543142	362.353346777911	645.550768323525	644.171094212981	311.955350477419	307.259819662823	236.148568304755	1042.24935140607	1038.95096738787	412.832898544899	742.980034742673	740.99973969858	1
637.632421715748	145.763205119521	546.555068824552	872.219537073649	391.799532937991	276.638190719106	635.757643110255	1201.79126844569	951.804479502648	686.01391425667	512.947765374387	683.384661195887	2
542.717527075238	139.079066332952	548.747386405935	784.320763367758	371.931205367289	310.765945037659	637.179935755488	1126.82252075642	957.060124872083	612.881025054207	499.343462974481	667.66064063178	2
552.100308515069	134.871806992794	546.769558604897	784.007638536999	375.758434972137	311.693483902056	637.021414437179	1125.13395889613	955.460925316959	624.636354258105	510.817574827754	671.217772360578	2
558.177299458988	146.159587770952	553.656904288242	772.143528682731	391.157214285691	306.163608394385	637.784383393382	1109.22198573602	961.197446142838	625.868183875805	534.966335251548	669.837593445102	2
548.332669271322	140.401393970113	553.344950801462	761.849657454484	377.492128163601	314.653487165115	639.902453025591	1099.5679217185	958.460667694098	622.040054658794	523.334215339118	666.12894039807	2
575.985497171138	148.565103692445	569.966802554253	877.797422646872	343.698406211481	304.277523020598	550.841597569613	1216.25658567891	979.836376020393	644.280888210075	568.348829895392	660.040641760783	2
574.225063678708	147.647970046217	572.252921422799	872.965298469719	345.04320291428	305.196543644893	463.149236330768	1261.88404388751	981.825643838179	643.494095240293	560.92775780673	657.345763098311	2
583.807662866215	162.211178099418	574.297698040669	868.993304349202	364.512544600573	311.691628615823	556.320284965131	1204.57725944682	984.77410109187	623.524821287509	556.480719701217	660.096543711302	2
562.554202860708	153.396560715476	574.118423641628	860.275894378588	342.276986455795	310.127118691376	460.235874801689	1250.33185851518	984.484414494906	623.221780117822	552.13884196608	653.945777882079	2
559.859826713017	189.349695609348	593.145702567064	862.443341635444	337.284369060582	313.185008250591	551.393670066792	1199.00116553699	999.635560836005	574.998725891279	552.802399353883	691.017981869907	2
562.892536168672	154.26196343566	573.458520900804	824.842970196177	334.648309637752	316.433189500743	597.504542325545	1175.45774843774	996.240518854908	570.161230624495	578.715212867298	673.518127637484	2
566.041259386722	152.588350629716	579.266408252447	834.432398449552	337.851041635473	320.741470961398	590.112132642529	1180.95152957673	995.896090540514	573.481946420177	581.994786187306	672.640978958192	2
554.212135024198	131.043831258177	562.832326731792	838.017732950401	326.9323924408	318.670429394127	584.839307321255	1181.00748962281	976.496532226524	610.313969482892	576.84116710808	664.641376343942	2
575.101746077968	154.379064644996	579.21651237872	843.081739675114	344.737886480397	323.955374400765	588.613088644069	1183.51529509668	996.563673380306	583.085112446363	577.357212452109	658.198183669713	2
561.533651336524	152.801403467438	583.84388143916	815.904070612121	339.521863198437	319.502636149951	595.761409140213	1161.67273900945	993.117550899469	568.033186481495	579.393108649588	668.252205303982	2
329.756891388516	561.216256906413	1020.15998579203	454.659070457997	192.811844554524	417.252430288905	336.170874006672	869.394766566315	1449.45171843571	711.408002768666	677.504863060465	228.074614335789	3
318.918907473536	585.880435972918	1042.14449999824	468.379519100485	151.728122993459	454.517809557731	369.13799925602	876.576318569744	1448.50615496771	738.730619250114	671.255651086188	222.566693048076	3
343.339649317718	557.63791159646	1017.59586400743	450.00619105665	201.715018561793	412.895969251026	360.388153682053	863.670332699738	1448.3784435182	722.75194857836	688.442773365833	224.610622406592	3
337.408871035334	563.744301925935	1024.55808979783	460.761980214922	194.440188831103	415.0013390845	364.258886264028	875.33639911845	1450.74927983534	722.465973045823	688.118928142836	228.533520507702	3
329.550610535227	564.614738768823	1026.65427419742	465.188529719806	194.753038241661	415.040157950851	362.619208082287	883.78110700752	1447.63719189313	712.760889908986	676.399510706355	229.399210751519	3
211.562905904191	597.752319523343	1049.57638458519	456.959842954277	272.562306907394	473.195136180974	363.672204282387	841.703737710397	1449.38107320456	696.217032928315	705.880865941506	305.46915919396	3
207.307773432073	611.045423688911	1062.70433271327	455.740876069365	265.282152217239	474.125868182761	365.286364333251	835.119237186575	1462.14358943571	700.165658593185	698.35878234039	293.922757792432	3
214.723397722939	602.99291879937	1057.13214597283	454.404050752035	258.295444857745	462.856494673639	364.215286057355	832.416028457314	1459.19799458816	697.512760679652	706.79236339014	281.276135205893	3
220.60825728023	612.086099149651	1065.838103401	458.360402802617	269.497780386574	473.441031421884	364.064161089481	835.955614802598	1460.87489946577	705.16152656385	698.323552194944	282.026919332474	3
225.490096452009	630.585132158579	1086.79850084091	461.527550483388	252.16903364159	467.49954615131	364.161434385988	840.041919164868	1490.66730064919	723.539619715761	705.285305002531	252.095422315123	3
469.981183208603	694.349750045352	1171.586659481	799.27477305821	277.606098078403	477.678958095804	301.452925282408	1168.57947798252	1502.57262841523	614.822362239677	549.160730115946	167.350067611531	3
471.412951012154	705.158960996081	1175.91624080274	824.577288436337	289.336379626045	486.04086724021	297.764994660259	1193.76448278921	1510.67949644836	573.388350889246	536.030282632358	159.781620182256	3
515.53500941152	691.439930768288	1165.82101088586	818.239726826095	310.704418115612	482.038821006031	311.14078187847	1182.88558347567	1497.63970474271	666.033959743711	567.412027208028	188.759518923665	3
547.913318137243	680.291825076799	1161.73030541564	876.870772624122	345.506652993961	475.04442966892	295.150741402939	1240.95474689731	1496.20524297151	638.23226094859	565.236467898524	195.148163851907	3
526.889627997594	666.597663758951	1143.97469622489	829.617563304358	317.172204805302	481.607879338578	314.957441189674	1193.3937713629	1476.03936452043	674.927125805927	573.788921007094	221.230340667525	3
617.003355987024	166.974827468525	586.907337935646	1050.11191324578	441.040020094489	261.096929081999	387.533970937921	1450.29052892647	993.612723213872	590.697942772525	488.298186923699	615.278167834279	4
609.207081549892	183.573673572844	625.131725418802	945.953188619841	429.812760562054	261.635900103	295.045191485704	1304.40324396498	1032.15163353012	595.776996919497	487.417114033597	594.945104228473	4
616.305921087295	179.618976265976	613.201427323742	1088.73136213884	448.90030506896	256.899036791646	419.80113715267	1476.18533635052	1021.06987430208	600.731279713327	484.659081062511	602.321854897019	4
620.159645955823	181.249091606994	620.642046018199	1108.41349442541	451.368926702061	261.959002494093	407.99564656158	1520.36450604744	1025.9034719161	597.085984489508	482.518816096622	595.80022242478	4
617.157850174699	158.256054612062	586.437567976932	1016.04283742216	442.241135846518	259.11842189235	393.406551120828	1461.90432597248	996.379643456447	595.409776944376	480.624701103154	613.321783765765	4
612.600422984873	174.563612421229	596.234004986187	957.335115053951	446.238819945581	269.733983211546	365.749502316378	1335.23047134151	1000.4925860047	577.332614328939	439.240658491911	615.977805687576	4
617.138705479362	176.501150122882	575.056588900162	1004.55417019335	451.803484420973	268.484167199301	357.444248417129	1361.19886740134	997.839410709176	581.106912709344	435.593508935945	619.036268481608	4
609.41743682302	153.452864200744	563.86618434779	1007.43549160121	452.2252028892	268.955719159469	375.326353357076	1377.59495592552	973.67814346056	581.645778952932	438.744338213918	633.56354903614	4
577.119033325848	141.418649072237	623.358481707857	982.908477214672	440.682352344306	255.210755935625	391.175060758266	1432.31356056112	912.40382765432	570.389116992453	432.904857843856	616.596895407811	4
586.951508530171	135.047915299313	617.662546963649	993.412681236613	451.105732624567	258.50494723492	399.818433870603	1443.01082406034	905.54402238964	585.002995831137	430.912591806385	621.835135688341	4
581.005993215579	142.477731789365	622.866832320731	990.60152452969	442.606665294843	253.56112216014	393.752865990496	1439.88802357253	913.786960204127	573.715958441868	429.081357961207	616.135147066422	4
551.660131667057	119.137126209361	552.004612052132	957.591728722398	393.136231692793	267.072307481157	423.439608474989	1339.97460362108	951.063016108478	571.615741931241	496.933114453104	641.89744745115	4
557.14141864164	188.791678859947	521.476673244398	961.745164909606	399.566578618458	264.64645652593	421.981054416053	1344.53774033171	927.759901681843	512.800713616873	497.310065121817	665.249877755382	4
548.917509997291	188.428536504103	516.969162785812	958.527625434218	392.959773184616	262.467067344634	468.44196662478	1419.35484950782	924.951278419421	510.639131011341	501.737723110408	669.307580217394	4
627.806387459485	146.439730671819	542.699933115927	1135.59157856533	453.725150276177	251.541138056722	389.227346630352	1520.84716330594	937.233964977203	643.94740564203	503.735114677427	680.132481934036	4
567.414452410411	171.473445221808	578.097072757783	1039.21427117727	464.157312425798	241.416848114265	450.251335992574	1402.16296356784	974.67105057168	599.134357535266	275.577928063516	675.769347089762	5
568.54537379651	171.121208516018	578.226393520466	1038.42764951013	468.261761154585	240.698018428085	451.631902462743	1400.86339985223	978.040511638949	595.226250437131	277.432452070236	665.561864152754	5
562.657244637065	174.263264426295	577.690378632227	1036.26034820369	458.694915215938	235.474986315841	450.871296194764	1397.36578943793	976.109814114704	596.854476910966	278.001319481545	675.660388918805	5
569.671777672607	181.918879439614	577.856816821228	1045.96927260406	464.898338384383	222.287800070393	452.387679816672	1406.33559539792	974.987763871393	605.941121387302	285.208714577837	685.927606603663	5
569.679290818335	184.559546749641	577.557797077776	1044.57327090976	462.970331929761	222.792538014191	452.145489288113	1405.2492915042	975.333849209522	607.426190175762	287.428006588941	688.069963971637	5
563.331977673586	160.540813594174	556.086665743445	1023.63830279276	439.914348901014	252.203841107824	430.097045617486	1394.36437797071	945.331248695328	621.735242478256	287.793437699542	689.743831101829	5
576.848963574483	151.753766099597	548.72165107258	1040.05137609242	455.12941463573	262.932030437278	434.263954731047	1412.4953724897	939.343505379585	644.714215354093	274.930915094708	699.258791081924	5
570.31235716555	157.983654267373	549.324120524114	1034.38504602731	449.16068955577	256.101934291582	433.662673521085	1406.53537019397	939.803356386984	639.620496403854	277.979466419035	701.899306955773	5
564.786919677608	160.803641147764	552.770737568479	1028.94880880501	444.146661125607	252.943989850033	435.033896589359	1400.50144154441	942.579220156251	636.413057955729	278.596489483366	702.78555318989	5
558.966905802475	165.191405547904	557.641829046437	1020.47536083329	440.281432873188	251.587227895028	435.611463275904	1392.95584865792	947.055986971949	627.673468508622	282.145895286683	695.33156161288	5
557.406577689741	145.355787222341	522.255828101259	1045.80629014242	448.947350447594	265.995919781077	418.79387745158	1406.18052257393	918.849252005324	647.615435518175	259.223567461923	712.765166197129	5
540.844106122182	162.957209496784	532.985036424687	1033.93592159593	440.049369137985	254.369623341261	418.239015986099	1397.58734646977	929.430595410503	637.344540100872	273.422508384114	715.325804253057	5
531.489374694477	162.322012556748	524.801470609327	1032.86303076577	420.993058189454	244.661434929102	421.268319483483	1398.25184548391	924.77027625756	637.079862346897	264.06894186473	717.91805587307	5
524.24155847713	153.955155219043	515.956270068067	1022.75311667263	423.831528531538	246.121731875083	424.174584689466	1388.02234634274	913.254499951892	633.198062768575	270.727429199306	724.249438958278	5
532.469591477522	178.274348689594	548.35465643214	1034.40697490929	414.076559773327	254.045881675651	422.760343939651	1398.56942257733	946.206769291376	631.31514908265	268.876579492156	699.780207528665	5
632.173078134222	656.481217143937	1124.16909662553	946.668758184077	396.572189698293	473.550643692498	465.944940914332	1228.43775080412	1481.47997416364	976.899434867718	628.570524909994	454.204934022488	6
633.060351493257	651.34476208013	1118.35864404133	947.32803421889	398.906138003438	469.315179201305	465.570149451075	1229.71025928619	1476.72653204041	974.218299782594	626.655051460949	449.995184281495	6
632.41252847991	651.025630733858	1117.48620335446	941.412110795597	399.486424618788	468.718547487625	465.860332531152	1228.54082189182	1476.48257911271	974.519932566893	625.657174376192	454.819556820896	6
635.255846827415	654.512934842297	1121.25039192516	948.586737853749	400.573497106052	469.601133334679	467.526678713111	1230.15767175922	1480.4165985404	978.22536997921	625.605124469333	455.693232815342	6
636.233575929495	642.357139758578	1108.95843891391	950.559477468776	399.571179915312	468.547726701834	468.779734952598	1234.62839333505	1466.28115941902	972.161832160306	624.834346328323	457.731627102253	6
633.568563143314	640.666242200184	1120.9997491297	960.468610656872	384.604420499869	440.635965608522	440.763039632213	1238.80026969932	1473.57593590707	972.556199210727	619.166529812082	465.659770845609	6
637.636693718512	581.630671069014	1060.93713422678	965.665201495568	404.950400152261	437.992598947268	439.793559500404	1244.04179420296	1413.28800977153	939.969094138044	621.570978720737	460.390411839025	6
622.706843945177	607.969059750308	1088.95394623682	953.601400393054	392.811180019977	434.81911896751	438.532941017512	1239.82262318953	1445.63356107636	939.581893654423	612.843156560314	459.105308994382	6
627.770797075841	583.898039878355	1064.69005135411	957.77820953811	397.301665279121	433.627244282221	438.794019934116	1243.76859371395	1421.94723470491	936.135013394796	614.155928980484	465.70604640108	6
638.240388926982	600.339715228612	1081.21138363873	963.827961301392	409.705627028783	437.833338425553	440.224756416568	1244.77563026784	1435.91064386085	952.101699563584	625.763584317323	461.651437151304	6
603.266836801873	619.82662380082	1098.19443887991	942.639642849521	381.082791611203	431.139011538628	411.840400821839	1245.46303723766	1474.28793833129	895.088114863427	592.238608180446	429.701117001359	6
602.997009468155	621.635714086835	1100.28318368432	939.547342115571	382.519994507948	430.200072425857	408.312653272328	1242.35154475127	1476.58524130821	895.072620390911	593.145520685318	427.070056789547	6
616.063703784404	611.059985133048	1086.70331961182	949.722723663195	381.672206947974	433.452099921386	409.312214598224	1247.51358989191	1462.98598747039	898.687173551237	602.505177794706	426.17579894512	6
615.787013415978	609.925278029098	1084.74840863539	950.731304430092	381.537312448175	433.703764702838	410.337535792223	1249.48195358363	1461.4717657488	894.208423878991	603.102279068265	422.424864243741	6
609.715782121167	611.452579881738	1087.6395417947	948.785992237256	381.339207869982	433.285400518111	411.49154190095	1246.39972210473	1464.28566775747	891.669636239066	597.145945921657	423.750871162582	6
567.716310731894	631.299011065009	1061.44961177358	852.085924866572	456.612331003315	443.70092014183	674.425130791348	1212.69206412047	1481.17072637226	115.796779246854	473.406390332014	502.551340035925	7
562.70879511296	627.362068746653	1058.27866637536	853.480600836279	463.893577009407	442.658005298449	673.13647285589	1217.9682769894	1476.23499444479	147.641117500332	463.773639342311	504.319110022251	7
612.138582481991	629.322379389198	1057.5077173837	888.092333179032	465.817940579465	446.289965167843	673.366357062673	1236.2330891331	1477.08311983138	64.20909309116	504.684923170953	498.889936638018	7
575.031215650774	632.055019145095	1055.62638505704	860.504714351164	467.475155821147	448.96053721975	671.783990651045	1218.76872449348	1475.0532926616	110.869585505716	476.005672158637	507.431819075447	7
557.983048579603	626.211936570294	1056.48624401282	852.930974292181	461.319707499083	442.640255373452	671.455300150317	1215.22927748112	1473.66855336953	150.96485273412	459.844148953095	505.799490985013	7
624.083412695235	654.617927106036	1092.75367588137	880.385507903828	461.830405845962	451.493749152075	616.73283974137	1234.30784708917	1510.28764812039	171.815948534019	506.182916067326	479.1155754297	7
630.862057418297	686.955126436445	1129.25735069427	888.120494918224	459.853628630224	446.151862208926	618.607704647473	1237.84910007836	1545.63833214093	125.795400676619	508.453520353467	467.303424723718	7
612.60238434172	674.909656099248	1123.4625782111	876.743854709517	452.703210059384	436.120430190617	618.069655930158	1230.33041045005	1541.20183803146	137.035610386003	503.027883403328	461.702329133326	7
617.389431410027	683.468162108205	1128.95853392942	881.423555252508	454.374525338473	442.828922736565	615.761814773646	1236.04490495525	1547.92064583624	147.218042345447	504.123170789282	454.500495140465	7
624.365328325152	684.81195947713	1120.93451477101	883.654889882418	461.072897214259	448.529208844531	545.270904264914	1236.96607328567	1476.77007664974	138.096862245916	505.920359624717	480.390940899915	7
548.978963395255	603.25026431576	1063.03860047366	882.610075507886	365.936007424305	378.009468540209	611.421865854976	1302.54226661831	1500.93038799002	30.3875350176019	463.052622355747	471.179149922979	7
520.594484272506	579.287761499728	1035.24215447115	855.910031991201	359.759679105942	375.360737658054	614.534867308876	1285.77911637962	1476.36521621481	211.582608683441	459.089785198219	487.131917388427	7
504.900844926204	549.251047896651	1012.94814472826	849.558822416325	351.486475398536	374.91928158307	631.279177490759	1272.90183867853	1459.31639944054	237.299709285499	457.957654919641	466.316707136499	7
512.139301990448	549.579365930549	1014.17530556785	854.25239769472	352.397869950635	375.930531097656	623.855340774473	1277.81450240076	1459.2370734842	227.653122176412	459.946332444462	466.570015575727	7
508.970816348814	546.476245923337	1012.98899334137	852.947539169776	350.402732382367	374.916057951435	612.441430297595	1283.60646711581	1460.29201077667	235.065265237639	459.622736445582	462.389655896465	7
473.981152365817	499.923435961483	794.002295017494	983.981209065335	381.867073104601	364.950500461607	638.934776772761	1400.93503850696	1185.26925840162	149.463794447734	603.071012191279	556.762153925187	8
550.726426715853	477.993832441553	759.133481236222	1055.14489823176	383.904015365373	369.938441500492	637.913249696903	1472.04423812358	1152.56911039425	133.44058168705	626.565986010882	573.418045452319	8
488.740935440533	475.706064134291	752.599592227394	1017.09965601329	375.890234301611	360.026520378765	636.649552003922	1436.75045425277	1148.323042692	117.483090361181	579.613634820602	564.510968025221	8
503.203475927077	483.428977472983	750.304345841506	1017.22115655842	375.898974314104	377.379176107237	636.364344889896	1437.03182199725	1148.94862647966	128.02895733147	585.540243207491	566.907768166469	8
502.598183810526	529.490483698948	796.654229768601	1014.62274105553	389.765055687543	376.676491643633	635.55801816372	1435.77021641586	1190.63006816048	134.563256888659	588.083397001733	575.672615536151	8
554.995409592159	560.787488056169	862.782244946417	1076.36204332021	439.953486986459	386.502298385881	642.449356016024	1503.80485046277	1253.50259565411	85.767547848381	530.373237442005	527.952781750696	8
562.327381664371	595.612508656538	880.632876876088	1071.18670474126	470.688859643101	427.261849003297	643.042953091722	1493.62071606698	1274.88322533256	107.245662814181	539.757045323748	527.62102860081	8
567.302579474352	596.53947143756	885.524176119059	1071.19703044113	477.268744215435	429.760132440578	643.055632003471	1493.10951674416	1274.72056703661	112.112337084625	546.025767531157	533.621880010646	8
580.300781307095	598.415310540068	887.797021859391	1081.88021632947	479.936253430007	435.511281671871	643.84807538291	1503.46461241226	1274.23223182671	103.817783864588	543.973126500285	530.678898149752	8
575.56217600562	597.016550182785	882.139281022651	1073.42906126016	478.84914690216	439.700798774159	643.450285947946	1496.2558454014	1269.15910039138	117.225345208919	541.712459645175	533.154590705964	8
679.001487097709	678.227091165647	903.122198211461	1149.52579781294	498.108990570717	529.114969970221	701.300163355351	1572.64140406731	1269.53822926172	90.8138852711349	496.048926565892	480.336746571548	8
671.748514327541	710.74170999215	935.284514060447	1149.60381749425	496.635119302048	521.045926292986	703.967591349549	1572.16888102568	1295.40732982933	56.0659131192337	484.8281697165	494.041049245561	8
667.800450733519	680.218537791335	912.218877758244	1146.19809964639	496.910522158877	517.25675831357	705.634116909887	1567.97602103254	1277.79963300484	120.679610058827	506.120203152346	471.104001197761	8
665.33568527166	685.575744866027	915.071162169904	1145.10444527051	498.018029071107	518.105518796873	704.904722170891	1567.37687645486	1278.16909440593	113.97575443379	487.575575752967	475.905495488984	8
641.266360583638	701.884602063339	925.495120712946	1117.74607288513	498.50884657327	535.779694939379	705.060037918268	1539.63003925891	1281.48060863725	80.3317755441423	512.146036774006	512.01939154593	8
719.618106887282	723.020306518801	998.874893774388	931.68189663461	511.127039115951	519.030910899974	600.379010222971	1278.16533984615	1325.93624093547	1280.29863673475	606.789446808688	774.368101745439	9
716.182574775306	751.483433030149	1006.5604656279	932.148574526846	503.17032142965	521.546058327165	600.864668470354	1283.12955690001	1320.53445546262	1323.49977121025	612.8817193201	820.053331951013	9
713.576260892857	757.26744889934	1009.0778104274	927.340880902846	501.530560445621	520.431938882112	600.441303811338	1277.51744050234	1322.21228762018	1328.80936221065	608.622374369616	830.712603834256	9
712.5736223264	759.088015034005	1009.73069888566	927.382873349303	502.224287095392	522.043711428614	600.17317160441	1276.50390070454	1321.87641152119	1331.08351885672	615.249334645031	826.760770851816	9
712.913350647118	759.720099030046	1008.91946933862	925.32848407342	502.701955237825	521.338611176623	603.011704547162	1272.48373771963	1322.33636821317	1332.25450913849	615.185745162009	828.322941491315	9
759.882589781318	748.54868601508	1032.39202595691	961.115943742586	541.882673293213	528.272499127126	628.346650052786	1282.77956047028	1361.3941073516	1353.19396584244	639.421184111026	820.590380187606	9
732.728975561184	749.309718227247	1032.44391043684	947.898161457826	515.038360000302	529.179053936027	630.119106382615	1275.29188069432	1360.38870914953	1321.22237301344	605.506484267241	823.622608431457	9
731.488854746202	749.609596030429	1032.39002982846	945.535573893872	513.781004858193	528.781387412268	630.082206651322	1274.96419369978	1359.80175836559	1321.11804904818	606.566349078777	824.724149132898	9
763.488304342726	751.816811617623	1033.67223600888	960.385145342215	546.352974593076	529.783271930902	629.325823198437	1283.72601837975	1361.75907384779	1359.50376267389	642.179078765913	826.326378487686	9
732.198021132503	751.740601001743	1033.94223490478	946.962683653898	517.037503920935	529.644417438571	630.142476368523	1276.66383238739	1361.54808208065	1320.60182901792	603.276611393483	823.609923623984	9
737.121735556318	690.94859311964	958.59134560502	944.816197089421	494.924361467786	471.028026658904	627.291312416931	1278.19002791771	1286.29778499198	1288.62453543047	612.758995347357	815.059421521295	9
737.258516164867	690.917247306228	959.309102211026	941.024521367482	503.568914261968	471.667684656087	628.177753232348	1271.80889228362	1287.03388489498	1292.02088371574	614.048513001917	813.733076562627	9
740.027510180077	690.936120122119	959.768541503067	944.706824425571	500.707205581252	471.777947311015	627.9542374036	1276.38777149907	1287.60855137014	1288.04262523948	611.060922069491	812.283704893168	9
740.341358851169	693.60895153259	962.124046719452	945.127404843324	497.735110796975	475.022669678298	627.201435667656	1277.2089854246	1290.23769305205	1288.8997351138	611.39835089831	813.432792195428	9
736.415474260369	691.307179970652	963.771165460668	942.63348130135	496.306609701278	472.300590284803	627.715926688516	1274.61571550947	1290.84208355172	1286.96566219607	608.712610448677	814.697258722755	9
546.181474565525	143.563087761256	542.603855756602	978.80128034453	456.562387959719	274.863538380485	530.248617176448	1354.09778444126	944.637235449906	601.969812845257	317.033827004987	717.080243377989	10
546.900042452734	180.325525908271	582.256651632537	981.097146905776	463.366498851688	259.102699453948	530.142335293434	1359.01306027173	979.774561598991	592.242396637203	307.478490911978	695.570175262259	10
560.516778245956	172.477381735273	572.296631404511	1000.04089325176	466.455413535266	271.464476596761	530.546588912512	1377.3638461323	970.730095762826	615.490006555851	293.06715039169	698.195139350189	10
562.282171852659	170.807853169409	561.113991023547	1004.5673629256	466.872806510616	267.188691346268	530.567016941363	1382.80489368002	959.745774396215	630.984539919314	286.965681948083	708.727818987897	10
565.381285991596	168.542400497555	563.270805684406	1011.18691355105	469.129649954562	270.875302926147	528.976078662445	1389.30868787564	961.763579951141	627.75623763002	284.282773424809	704.823948288692	10
568.281172321431	167.029685835539	541.719150199602	1089.18483666518	411.834497965646	262.879039909525	577.420937023979	1460.54123013962	926.020387957653	711.078047646349	211.676657606128	725.543473041913	10
561.723173163863	160.157698990045	526.337821427177	1079.24092661009	411.140033972155	260.950503085896	588.632890014187	1460.85573646317	917.390324600234	710.500190365795	215.8406786769	734.380001507697	10
562.530075701978	166.950752875758	534.838790618979	1080.82886079785	417.704350312085	261.13075338807	588.4999685828	1458.11826632887	926.910908799477	707.507522439679	219.132384669998	730.809198490469	10
563.078387249796	165.596407800432	535.335528901496	1080.7955439665	407.700256958107	261.400257883987	583.299924589499	1462.45573252278	923.06070962875	709.323456436438	214.772003671719	730.715677551867	10
565.548605963014	165.776639014894	535.05536645644	1090.41763875177	407.845961560386	262.212862531149	582.791038342131	1466.72212445576	922.304827707947	714.681820353912	198.008793123871	730.702395315295	10
573.602427472513	173.904568522018	554.839992750412	1037.08787803474	462.286866452441	264.530008317776	538.888941078408	1431.16169566024	964.484649077658	666.879470600778	204.33058855983	703.854978266112	10
576.190907521304	176.897056452082	558.397927686005	1038.67591994665	460.16744724747	266.849249750967	539.394104977102	1432.03487833141	966.257795971368	668.587940347121	207.924074814974	701.681613607461	10
573.671792000277	173.298846747804	551.867215797517	1035.82835998923	452.472466228342	262.441946452241	538.540242806321	1429.5990186448	957.635107379332	673.011826212598	211.105427903387	709.746595082399	10
575.024494006405	162.624029938753	545.199600503104	1037.19365497964	457.26979289735	260.765196330339	538.309076564976	1430.60810790918	951.923917919013	672.681357063438	207.861682472823	705.627771554475	10
553.742807569027	182.622062357231	569.226566856682	1001.93684223231	447.350491507488	277.195979262251	624.932748009611	1396.13635479703	988.80197532788	650.980314974589	218.446169330503	696.53039102204	10
609.452456965366	509.57754374522	904.743839879693	1002.46527955247	548.729214448279	318.741432327247	401.373462194489	1556.82691392434	1459.28463267405	211.208972172071	436.465604145239	421.493643626132	11
471.948970269245	524.556502515233	913.197850696982	818.279254798992	550.565730796426	318.318790958694	368.215139526244	1389.41078125854	1463.67903322609	109.240255347607	498.340222090457	443.652170744594	11
598.25571613558	514.803986026955	908.748429194794	953.113897225	551.746248110771	316.60807418279	399.821152705639	1495.01730285212	1460.19673529719	198.302326914511	494.557597335446	426.875790770086	11
614.303463289293	585.627428398077	999.527370026194	1009.85829945729	550.93379126895	321.26764490146	370.468593594387	1582.21385353533	1553.87864077567	123.284693803714	427.533786255234	365.410344585685	11
556.278927863507	527.392800137458	910.3114675141	902.876485041729	550.704223497264	323.046394689823	399.278680091627	1446.31697299615	1456.4884135458	152.367498746073	506.632607963611	463.985510932233	11
311.543224368393	590.603263666915	1059.01158626042	497.566634776995	145.766621737595	340.150089812914	424.354066146657	994.538714941907	1551.76660865958	534.801545910984	702.762298230271	293.641658514348	11
305.572948213861	590.295941521368	1053.61926554798	534.743655844405	148.910290236138	362.594496627943	424.245919342737	1024.97037153442	1540.2325681004	479.112493932807	688.654434386548	348.247130062856	11
313.492119353331	613.312826298909	1077.13354352439	539.584343794688	149.938781885789	361.085228241042	423.427748774794	1028.4989487547	1563.66619393688	496.568248160757	683.418343279193	334.52408122508	11
314.063157131439	589.176685611637	1053.12275554304	539.323609766631	149.990367446194	363.347551342598	413.573450452725	1025.09846153689	1539.00825380902	475.517456931945	683.69751799325	336.987659286071	11
305.508606288491	596.186891006946	1063.25632329734	538.316439840423	153.163647463439	363.998071660848	422.248069505513	1024.69767608822	1547.91877981553	490.278216770572	685.035209141268	329.471123098231	11
235.610983131811	704.661783611795	1162.48446993154	559.296465043175	186.552925786166	460.113806862255	385.721394052457	914.619502502329	1544.95009702378	576.901210960446	633.986614560443	350.825006335409	11
220.570960392183	699.957260853148	1165.92781961191	559.933827460735	164.799480855234	463.199236965097	386.950172447883	914.057712591157	1543.05200073814	573.086896832992	579.691719128872	350.067465610002	11
231.340348641888	694.316016837751	1158.08599283592	567.907900385162	160.635648506049	460.460545438957	387.248544833035	923.321734569658	1535.84469023893	552.554866862475	573.954428004897	338.620570847611	11
225.7342179803	714.909294197669	1179.47325945381	561.135457087714	162.4891494612	466.273187668644	386.098325515107	917.744506799169	1554.75713689944	578.148908040312	581.387340405667	341.83624181562	11
277.17681680406	713.804270386392	1173.16447778673	536.059086080361	223.025295269374	456.463566880526	388.114341466629	882.925027328048	1555.65317656186	599.923874437127	719.135870681992	344.201027898732	11
653.185307705246	706.356261847641	681.402414565517	1044.01288156387	429.234622208007	425.68252593369	800.983661125731	1385.19842288214	880.414532183063	990.094121086968	691.214208351586	637.44156396785	12
649.801728106136	708.539668770893	706.67648472362	1040.93062033411	421.539258912254	412.641541033993	802.256169312936	1382.19967586395	862.200334599541	973.919034241614	712.670376901326	632.447770935876	12
647.604392899576	708.943852148882	705.193076416274	1037.96669408331	417.268407271654	414.755539239554	800.353498584369	1379.04592671836	861.310658266896	972.791969251101	698.745295969613	627.158133665231	12
635.453138596733	701.116577643221	703.076519204577	1037.41123975425	410.258040317653	428.676736715458	792.899845959418	1379.37430949073	813.848466639149	970.064115746908	707.262115530876	632.612478039912	12
647.664079100912	701.459006180983	675.556823125662	1042.29612130423	421.019363565213	425.916181487696	810.251102812464	1383.04019409477	852.952077331252	976.575166787805	702.253600020009	631.154503757768	12
661.606499104709	746.091573363523	657.060200125637	1060.64701700624	383.221373280139	476.068241694446	426.509653491691	1388.15787668556	1016.12357950981	1051.14461518555	748.511617558978	657.689083718396	12
635.948403492153	765.543201453537	654.644641841096	1041.39376044361	376.902197115631	497.764644365666	419.263139596301	1388.86964109579	1007.87496942221	1011.56274726339	725.247268640303	659.945622125487	12
643.530821449156	775.12389682056	658.182098122839	1038.61426376394	368.585902037503	502.89525394523	418.030842243641	1396.68547198621	1009.70551589054	1045.5214582111	754.573964876964	660.319317285803	12
690.850887343395	736.741510369633	728.644676467899	1083.95039258554	459.626170898321	441.379607800429	853.113392760375	1411.95272172167	900.706804794051	1077.92619363044	663.507062095612	613.758787280093	12
658.54454564022	725.476817964018	718.535045061546	1066.58287933343	425.440171179594	442.335653725638	824.765120417114	1383.5301399329	852.16626430378	1027.4300274163	631.060853364878	613.412124176838	12
676.874038696191	728.08902901128	722.680687761082	1072.96963792668	447.257692836428	448.868362969567	834.643856709608	1395.08147714239	856.555101765901	1040.36738992038	645.26682516812	610.840943634974	12
670.297484687316	743.488166755445	706.967431852171	1070.25699065866	418.528920086779	465.764688545928	737.738662921635	1420.88318597837	845.825102547804	1037.54961692614	693.211951860877	632.324936644308	12
658.551784667685	744.987834880395	709.869313973558	1064.8424437368	407.328025259142	467.701219354786	797.354839003021	1466.89122211129	851.287258444225	1030.32556830433	676.821775047063	632.505916644202	12
642.537524683989	741.907162112774	708.837054714863	1066.20047289992	391.33189721762	445.97144804071	731.531890301375	1423.88106876685	848.872673216024	1002.13623638297	644.247307408264	629.746039592856	12
659.060335694481	738.830332063104	704.853728015392	1078.02103710204	412.530721816388	464.896025415621	743.826903369763	1431.71186287055	843.459681119722	1012.05868655973	681.04707074946	638.777149627995	12
583.324331612535	621.555622856154	920.770787771656	1051.22234790705	408.286866668798	400.378451226688	498.21736914306	1388.21131901732	1342.36548037418	191.118494634702	630.141594146213	576.734045858947	13
556.734596893755	622.906777875168	922.557564778889	1027.83700337423	397.578874209742	411.565662113014	501.824754858954	1361.21075067415	1334.12502923908	67.6749350507226	607.126778552043	594.673579974213	13
577.53706350636	631.071051522686	934.820420500729	1043.1464306	366.312233250619	413.190720042832	499.148813897853	1376.90666653243	1344.70277864369	113.681518166494	631.219854516279	593.56033547123	13
572.581913092506	629.386959203098	938.161502393904	1039.79818878518	407.941537559918	413.655302495385	498.617981862194	1375.83720863133	1342.17719008097	112.246864772018	605.05600653922	587.864307148892	13
587.532933617073	627.260286993251	936.152716085392	1061.60306971472	412.483702213854	409.3078318591	508.418738946649	1389.28230714423	1341.61449952528	55.9957060054888	625.602690280869	593.59903656099	13
626.645023573382	677.846948483188	1102.86576666686	920.54865583577	430.069262568712	418.099506987929	403.98706297626	1263.90960275027	1287.2799200582	25.9528430406716	586.1189236803	587.397689937581	13
638.110934562077	647.057769382355	1088.49678455224	931.048731322708	427.703389526132	417.156068249343	407.140648574387	1275.19354630217	1279.29566887926	79.1145485833499	591.916675670485	554.891568346158	13
243.445873908827	224.349783490283	402.872453419525	173.082288845199	18.6737626250626	184.520936360743	114.252164946263	64.118518669024	297.320506561509	445.355191555442	471.971479716617	252.910131147329	13
624.036614353137	650.252346177249	1089.97423410361	919.977097491079	422.152812600716	419.94315333863	428.351923895077	1335.83153520588	1278.94514702441	75.9086098051037	582.702951957333	551.495573714121	13
624.38214973318	610.802892878657	889.766752490354	1096.41860169397	420.33035876473	391.143688813214	367.147213720813	1405.21127745468	1159.16550609497	98.0175790746744	673.012796235292	610.137703483339	13
600.719392891686	654.081461887627	915.980409778768	1080.95688160014	423.786650247458	391.927948421164	372.459092577451	1396.77260096795	1173.74827382714	58.4245329544663	650.894705440776	644.087892736191	13
620.118150323688	652.630197326895	928.473338346335	1097.70611457286	424.215115737481	392.535589414629	361.808269563664	1407.2184196623	1175.04105607274	108.782595753218	663.86578666133	635.894418478178	13
587.516528339902	607.374105157793	891.847552179146	1065.96673540577	372.384729530551	381.800480862727	494.1532402456	1401.54418742208	1325.45411241218	97.9877404381818	612.294941773822	572.151156855316	13
589.181771392487	655.607167016019	908.388063530992	1082.3022236419	430.483711019922	385.629591551354	494.736512059353	1415.88535708824	1332.72587328822	7.46366653078945	609.741826171775	616.752496858992	13
565.884221928974	652.027490424688	908.251443975854	1051.04872046579	378.658453082282	385.024744374065	488.185402211784	1389.49934749198	1331.8411265035	47.5830688252233	596.231164675733	618.792721389103	13
577.240591245733	651.214313158679	904.688089164138	1072.07615519073	398.929280027072	379.946604493465	490.40554030856	1410.54019179521	1333.1218005069	48.4161468167254	604.191738850799	621.273298552759	13
747.687934745702	671.538213938932	1086.60040753437	729.242736286894	486.388844332907	473.984717565591	908.708674551474	817.183190695713	1427.1381619692	1105.14203608332	578.753357225107	722.439674826484	14
742.59400382722	699.188042494752	1116.80342553304	715.773677891676	475.598126182672	469.681926489679	898.464507735255	791.601030760832	1452.0424528826	1128.44306108919	574.814170254031	747.296388562661	14
751.491792317067	637.454419589363	1068.6875343691	728.258466126285	497.319832497709	432.902555004104	899.170728477799	804.039438818464	1413.77183793099	1083.30923255447	563.663255599723	737.30941534772	14
744.540495382225	671.158019414538	1094.10354742884	715.846826878513	499.266240142297	466.884200309523	913.15389107066	831.895719447191	1425.14179129363	1096.69021478182	575.948700479465	717.074522308387	14
746.624464758514	676.459585112347	1091.59859320242	713.003933765054	500.875339265742	463.80303501363	909.45573363176	846.996517805301	1451.32335043956	1076.80174924297	561.323538717372	714.235163426678	14
737.662903598501	591.625287910364	842.816304553183	1131.97058742593	483.411810545382	400.338854621762	405.13773726686	1037.56056533998	1213.87228946623	952.917033529063	582.209723839607	650.656387392674	14
743.454786594616	599.054750691854	866.321869164692	1152.05105313264	469.561194762801	419.560456623762	397.945734750805	1055.52365559556	1236.29669680912	958.883663180732	584.975036876883	657.441637028068	14
761.73148348382	623.359896659654	894.088391755297	1171.30834012614	480.141520174988	471.398855740704	415.02146038375	1073.33682645531	1274.91290573135	973.012739191915	578.838511990494	687.865535549774	14
752.742801546293	651.147849871692	909.297692684928	1155.44961488777	477.967844299763	476.587300193536	425.819837052567	1055.86969864427	1292.1002080743	984.739677597815	581.097656027316	690.654119655451	14
752.43516457691	673.594227754522	1071.51055374173	1159.22372534735	476.751404714365	494.881017335933	525.648154787025	1092.82412196004	1428.58220497295	984.023758083428	578.00846449149	696.745387562128	14
709.684324476737	642.844441345005	1078.71711413605	774.788573091515	482.475977216893	503.007516384348	858.126238586648	957.395184146885	1442.23920444526	989.925673216024	520.975864329273	677.89248042966	14
750.895788423012	649.318338754274	1076.809856327	765.311663371887	492.975513994006	483.193326662681	894.761423886635	919.431160382518	1444.11154768163	1005.0451695627	574.39276111103	668.900705957908	14
756.823554234503	659.248944127796	1086.82724890619	782.344983346202	497.87287609266	481.682767404505	896.297326840038	918.236227908121	1451.43370329893	1011.10565851097	568.094906143814	675.183440991718	14
715.346759637772	650.198180054938	1083.03684184692	760.336329857277	497.386170014745	476.774490300867	881.289504190847	947.604483991833	1444.60854611204	974.274011270864	520.795153076097	673.568227131296	14
752.729324671581	619.165775714648	1055.05731589663	792.987691999669	494.92647747401	476.972732191578	899.875036915665	917.531316806158	1405.0267151453	1006.72706262375	567.4017007273	669.628260078929	14
427.739555846905	639.272886927215	454.059639131504	525.403759663558	391.000081893077	355.298895019895	653.803557326704	706.268167735244	386.741933258501	1067.27800052971	687.796287778105	624.165357443886	16
528.934930169048	628.73416868664	456.823885733543	638.998898660488	399.166877027943	351.963226969025	654.229486305887	798.358333151197	409.805263848245	1159.65003177152	740.925305328976	622.835677316175	16
420.239127919052	637.519970939288	514.773600852639	517.108190874771	396.180141520867	351.298932567082	652.304421916228	689.72705421123	482.059823203562	1047.58023720894	686.563015554354	577.462305260725	16
445.84049868325	627.186872200621	471.472707692566	534.821753287968	396.248759198828	353.863245451736	597.716368662144	672.003473473391	428.671195374374	1078.90588360077	700.940022345588	618.30096888477	16
419.083207425647	645.093787713778	515.15590365249	519.975832316672	393.716682163297	359.329776111459	643.113825102556	685.676919985176	483.479963903869	1050.87561016283	691.120929361049	579.176403777465	16
431.175783893439	540.939384382764	283.849566212579	452.952065372237	500.569589363454	307.477134290762	679.474113144531	626.570163587554	376.907668671476	965.652529643343	671.737864988201	627.763204896689	16
475.995172962625	586.442057177443	343.345054092896	526.118454824548	500.599867495306	326.409630537718	676.344801060055	644.011873694793	419.640871164116	1045.19553028643	696.056144730084	648.936461537073	16
523.849966088213	576.854097490665	345.361781464479	559.189691974404	506.85615727767	322.193227146101	778.264366771446	732.1509467716	470.341220049956	1074.67211435893	716.775089225285	639.816902954435	16
518.072698184417	584.461889436966	348.495135895287	558.004233743105	506.481539457668	324.187181269382	770.273841724129	696.056368961221	473.108283565454	1068.44194860256	707.57484365732	638.356007887132	16
530.334798312037	576.917920977157	341.228386050454	562.091311037941	502.586810917472	325.548945144769	759.424561006158	700.641529734784	478.29786394279	1078.08785675837	730.517910218433	637.073017636059	16
522.656390699988	581.121515336587	282.00201856407	573.747738435017	502.619693577399	325.057024707712	711.025650637673	722.659220580175	419.953738080539	1064.88496755777	701.580866513957	628.841807246989	16
482.228745162161	594.457143010512	296.886959489448	522.346943048128	501.594905123191	325.714955238474	711.312917786946	687.605643037941	431.427276098894	1034.79002540824	684.981729400719	639.891223931214	16
521.548724167653	585.608634175514	296.186779435867	578.490951614888	501.735980572983	327.630462695656	710.148786342263	766.102060273331	431.527820925917	1049.29527176453	666.67573514992	634.913424977781	16
531.567682990372	650.137488069255	359.475202472749	586.171905567473	497.87080144962	329.101799090724	748.7605588391	748.321132649645	460.837933628237	1117.93532288135	705.447470210879	658.321006183317	16
491.027492282151	583.060969526567	293.061877266244	539.560776888962	496.594360374958	331.859776853651	706.510040676062	693.827700305158	434.868261430158	1032.73917744202	691.309585543497	632.732450526775	16
619.279984209385	795.697263511348	1180.75851704133	1092.99566237983	424.153077716353	559.72292696147	598.063352519362	1428.19790273312	1590.02214011626	615.632411941693	510.107834534738	317.865994775646	17
620.265067030791	810.123148014569	1187.48509714599	1089.23013958783	425.692444467689	569.646429750697	596.556489060506	1425.96796428625	1597.43518942008	626.002793609616	513.303542065935	330.525240332442	17
623.416357731539	796.919719878285	1191.71658158064	1133.07707582703	429.578562649109	551.109322114429	683.50739303145	1536.07257007157	1601.65583362638	627.877976032716	518.475612481337	331.891670001964	17
624.284706063916	794.569763162697	1188.80982119962	1089.4023143797	431.841090723798	550.291194633765	597.382737392568	1426.23862823473	1599.12138963135	627.675666831373	519.823394568698	330.426508705218	17
622.878832012141	806.185858177479	1188.69790668596	1085.02710218106	431.387867338831	565.655845234542	597.023563813172	1421.67312972848	1599.42719422095	628.153662207982	518.805434511626	326.059911621477	17
651.604134489851	459.779350407254	799.494174295591	1204.93039605389	482.532066572427	261.183902983878	661.451618739452	1649.73111059506	1168.91539012639	503.92124193833	468.013179139257	678.490072264424	17
644.169497671868	494.516616089925	838.099254225807	1186.27294118689	463.386897022504	297.545554608561	581.783993306452	1548.76556684045	1170.26016603447	504.781852328784	469.316066452408	695.222923430658	17
627.791746513249	491.05151857739	833.357082741487	1171.37128338139	453.780354545272	291.736816342419	579.071602435111	1536.12760331359	1164.49666876352	519.756972937467	444.709859569102	666.882496466158	17
647.597278637449	492.877539823462	837.686739177025	1104.64735686699	462.168044419106	293.634970573955	553.594810414758	1471.44803618341	1161.67243185361	525.658639061145	445.329350294798	662.604631682305	17
648.337748696393	494.45094484181	839.596772580168	1188.90668461229	464.096135945478	297.406660154377	580.011249212019	1555.98302203704	1159.77293686019	524.895674177276	439.204091585989	656.787608158861	17
684.267977384363	466.288912142057	782.97605613709	1208.43300566845	497.379231729602	321.326928196352	600.23803476533	1575.3825483387	1102.0892086633	548.521728920095	435.970382306558	709.941459081962	17
679.426867352016	473.008185371692	769.01395576467	1116.81565710189	488.855841029741	322.117449215521	571.729084104362	1483.67948865264	1102.95893149769	546.510755968469	437.46259825369	683.75826641584	17
681.609725352107	472.614215139074	775.534902164772	1111.56071218593	493.761739446366	322.850312505972	571.905445646167	1479.10668326248	1104.05462692962	543.359057192528	435.035000150266	671.668096443977	17
676.992387123764	479.158562782731	789.501560066793	1213.73394292069	489.377989375684	315.619943295365	673.67369393203	1657.10164932821	1107.44576292495	541.593847346535	428.95126932784	659.743984785817	17
654.341372429336	465.230348452079	780.031487237401	1192.77626717363	479.618280895012	300.220857767088	601.621589378333	1559.79952963549	1105.71105420292	537.9359890976	421.623712275189	662.842544276087	17
212.8829968833	384.75747652424	732.787984053385	377.286742695319	194.517375032372	230.667881855421	396.206608651324	825.527988461144	1075.98927143515	520.878061967206	670.444179531748	551.39466650942	18
209.784909560782	364.889953505864	718.736445462645	446.146631078644	201.021955716414	231.242869263685	399.384441883935	840.020167899719	1056.26267252833	502.424834802498	674.724046391076	546.308930580915	18
212.225897979682	360.685680377983	718.7746316411	441.971986809185	198.21047292879	237.854972654161	397.318157663624	838.903704250515	1047.18157400317	495.290131963129	682.637455291414	550.250271460766	18
213.14853792597	361.522692916308	717.464053147096	390.837676312473	189.165746014652	238.646643615344	395.892251561434	832.510188764889	1045.01477842682	489.975369015912	698.119570100016	560.874343946603	18
217.076922109493	355.153080505893	713.887745160601	389.092909026054	189.49744022679	236.840079403155	394.35578306066	832.228997396261	1044.24055129838	486.306028603444	703.875199656706	559.005794276005	18
195.204957694517	427.820837576316	797.237597682596	510.517475910753	218.70349597309	283.391071840326	524.156743552877	824.109196927457	1112.94236232913	529.206141657775	755.413881047889	537.595436291115	18
215.081688239692	408.977018169902	788.574393117148	474.525472702619	188.784241365091	263.559687464354	473.578265742609	822.198659761119	1076.58179668175	533.095608617752	768.292500666891	521.787575547745	18
211.835916714194	393.882828690776	776.080215600205	481.264087778971	201.163419361112	261.347849789511	454.889329500272	753.651254745034	1062.07411974462	522.902198153985	769.576688437835	532.645662422346	18
211.598883536668	390.894218222791	769.863133148441	471.299321739189	192.844321263617	261.038874273401	474.969383136425	825.114683759179	1061.84862751256	515.511578395563	766.043514522941	537.505762842973	18
203.146332359845	386.548213770986	766.121949555775	502.903023853553	226.016878346945	255.599264452216	457.535450658868	778.526558665197	1058.57518222231	510.210769494644	759.313827223089	535.653919290499	18
223.364998109081	401.756756748512	765.656590654693	414.460790867606	177.243104234513	272.360083330984	72.524375924481	755.989183520111	1045.11294716847	475.355859718121	686.27340805146	457.355688023539	18
186.212613842306	415.22959827408	759.378678127963	385.436911719789	180.507280562878	296.706710961129	73.3836879368052	750.446432000976	1053.59626370512	479.918422915967	688.892528902501	459.535088851978	18
240.952400468838	411.642030438581	767.695014555143	281.620889991296	176.288654791944	278.46135007881	166.946139098272	659.835468588723	1054.90685660791	425.604779626795	672.863364919894	461.903085118542	18
210.35339504951	442.991640829102	789.444684615768	416.598971452668	172.19985889799	236.425913074877	84.6507722145831	758.22819843583	1084.7613134107	487.379429820579	664.994263929351	459.540108127116	18
215.743905810239	387.09358728809	754.209137622992	314.563815595778	171.709164613444	283.587712434521	165.889299789232	672.004981806263	1036.92970108271	457.960318390053	696.710188235133	488.975929949859	18
533.308407708903	776.618363779099	1252.7657430172	1045.88988892028	347.158539559717	749.541784400053	637.339030204285	1383.55226864743	1640.94246972571	755.825194580039	629.158726368633	141.130827514234	19
529.679579444593	772.280689546098	1246.03951188291	1040.93489002716	354.536625083664	742.600509066802	636.93851603961	1380.24241740063	1640.38441028978	751.849900590314	621.530264774464	141.023434713233	19
537.566599740549	773.247160103958	1245.34651835447	1048.72314741595	355.892748955171	742.903587416644	636.232688659192	1384.3650655369	1641.78171261821	754.375408829921	619.078099084479	146.373439336374	19
532.87424220459	773.672650417959	1245.60591689503	1038.97269916269	355.676673332462	745.187146733243	634.959846794387	1370.23152221925	1641.20323364973	756.944595240685	623.425717094214	148.832270241813	19
534.981662191071	772.820893778809	1245.02712388026	1042.7485747765	353.469804668324	743.84361205897	637.089835667517	1378.91419601343	1640.77651247821	757.710711635295	624.004165622729	150.495956487419	19
455.550653194791	778.584225661331	1206.01496151021	889.614702351339	292.27074398268	658.395467421137	593.391050113044	1206.56087188852	1604.45732346166	822.49063945996	727.859294789117	254.941000689316	19
467.132009069577	777.332080843664	1202.64648144855	956.409946990393	291.713269913422	657.053818843532	586.761853078389	1214.20321368105	1604.67623164843	801.496873537941	708.019563435576	253.89168233303	19
471.521290762784	776.65019885045	1208.58452043264	961.706242816079	290.568755985777	656.399615908449	587.549071173368	1221.90906461943	1606.57357963518	799.751245465055	704.795808428938	253.553599042965	19
478.345673922404	776.634021009232	1210.06389858484	966.291064872166	289.782287503469	655.946193053199	586.200059241454	1224.91239033972	1605.5397220914	803.78572911417	708.283673798526	252.320314174677	19
471.550151818906	774.975999432003	1207.46478310797	935.293450633268	290.947014201965	654.367250595547	592.200667517094	1241.94942607769	1602.71744376286	801.368845560742	705.858320986981	255.143655854235	19
508.193536837476	662.970230066357	1158.47322311271	623.803078272734	302.411302421511	530.363706014418	661.084102819214	1053.72928415448	1561.78103078377	731.791922824276	673.839204338433	233.074236146948	19
486.312891134354	665.160496603353	1146.77186821343	648.595280913744	299.091919539212	522.410913148502	565.728703733576	1081.38094920731	1544.02575798214	706.592809835562	638.817432630014	244.291555722104	19
482.280766588263	667.668762371384	1151.81704287292	583.003546754057	287.484259410881	519.314436798169	560.961606583742	1013.43435198004	1535.73348932024	761.316954799305	702.668423935942	249.649906523766	19
491.138883925729	668.302341776529	1153.55986391509	625.608914882478	285.735385641953	520.100201433312	556.534365296214	1061.15033132992	1525.50618263374	718.3509588697	656.618429159993	252.08403805317	19
492.761924767901	673.804690214656	1155.19410693579	644.693596172739	301.930005335486	541.370786898365	555.133366806078	1072.98741378517	1532.74723763863	720.265333190548	644.599233651758	278.201566795319	19
421.427059986826	679.468127604861	1096.73698580735	795.180754050564	341.250026966185	417.144165426503	533.735860741534	1148.46847410348	1523.5759161377	192.663431759831	495.932787011886	452.93042230788	20
404.171402229286	671.899567057113	1088.7085002151	792.11050451721	367.390287132198	407.34192872132	537.187790708715	1147.36640518585	1519.64587500521	192.508420115474	494.240006260156	457.253946921899	20
469.554791832614	711.184522596469	1090.26979825934	828.332200923219	383.999466636165	463.110199525699	536.251761317397	1179.58143209721	1519.4918184872	212.558843240137	460.246416362576	457.540472413525	20
392.753256551781	675.28029053022	1093.62520030754	819.228490618922	367.529080660581	404.812438824774	535.545270505952	1169.7755780528	1523.7757079437	239.752865906877	468.486065243297	454.631525133181	20
386.4620128026	664.650985968768	1088.80482315714	835.86048551533	360.398480884566	398.065255670725	534.980770623001	1190.6076687771	1519.79955709734	239.37509255723	428.019913183068	450.639723343281	20
506.783077557022	637.102442764923	1058.94602423288	870.206938709881	379.323260092329	394.126000847159	534.01719617001	1215.23169507447	1479.10269937759	48.4721518796543	474.107914199699	468.243842253379	20
519.726669250694	644.052743238455	1063.58035570207	871.493976176854	378.383757337547	388.885072522829	534.463109504322	1211.75172334631	1484.57262545177	62.5963935056497	496.444098675034	466.008724150564	20
518.195073166611	637.541734301719	1055.46097538791	899.832209636787	387.872280966698	390.383548867265	534.301098367081	1251.33075977157	1480.56248415687	66.480946031579	432.476458216295	464.493146077145	20
403.981221860314	633.108279412796	1055.5131783908	834.60870209261	387.934108856422	380.569314178667	534.011082939709	1185.72265487162	1479.83728006702	195.278758204481	431.26742394248	459.671396415407	20
416.3901306066	648.729128667147	1061.37717730155	836.847089365023	397.089461762957	381.566205019958	532.722432575925	1184.77287197325	1483.8431485093	193.264154463203	445.380346188184	462.623624762284	20
320.173055878858	681.429828934867	1116.48252826386	778.776702898303	385.440231200822	404.596446744996	547.531442484494	1154.24099456607	1529.41341756529	474.647782580966	451.657327703344	473.355600102323	20
284.526352257079	681.739282445959	1115.71887242475	764.859442283969	387.705894882372	403.89169924376	546.28640532648	1139.44966163337	1529.68537653133	454.924362152257	453.029861198114	465.908952540001	20
238.891321536031	653.653978447228	1090.73737197179	736.307916597591	385.603293031256	403.839504655437	547.24000290353	1109.25582627455	1502.50230624276	436.164483927512	463.698584156552	465.333142701684	20
280.700939926857	641.906248461129	1078.13796594316	741.777362175047	386.218368419163	407.177555478572	547.420561820842	1115.72170105634	1489.74741100373	467.079830413677	479.739671414335	464.062894772629	20
293.966178449072	675.795437810799	1110.33190146459	755.567592472992	384.879311001097	409.547496815089	545.282880516554	1132.01100208301	1523.23893447327	483.149296036584	469.652884481382	470.591816780673	20
549.066611645337	621.352854692664	1029.8421480368	948.563034021301	418.133098194043	345.1720128024	559.535540641302	1286.72049334077	1465.66736026034	23.4104343278685	349.01581096014	369.184674701741	21
542.940660703543	621.151976841897	1033.28213717105	942.289968404712	470.230170365015	344.457802594032	552.491422814177	1277.87098353613	1461.41959148883	15.9787484133759	354.713906141211	368.087640392954	21
530.754347045368	587.303383731816	1012.31205867278	947.492694880227	345.187932785831	342.184156806822	544.232664684898	1285.92305543625	1427.30086748642	36.6932018787562	359.208157478381	389.921697832411	21
527.392346592679	616.437476483794	1043.69059001746	943.729843626623	347.289684875343	336.686234517192	543.350138926013	1282.90770222536	1459.85914854161	19.2142635803518	359.964858156831	373.398215952952	21
537.649706538473	623.009580002923	1040.71968606406	919.372560061683	357.783690532039	344.175856493042	549.164710249803	1257.99898056139	1461.84735261228	26.2174093899853	379.574727869258	374.652543378322	21
531.542939836629	598.47603274393	1041.91179246794	923.047092882377	405.503134908599	352.302807938954	526.191856980263	1291.57850050638	1457.78761845113	14.8935594645269	371.18165083275	385.106783873194	21
528.315565886211	606.733931904568	1054.28247581293	925.648913997439	382.36235226231	349.339897624146	525.224875999141	1293.96004656024	1468.99867614273	19.3940338714615	366.362823953579	374.65089361072	21
532.60128906415	614.918736908735	1061.97687352923	925.370300374745	382.588296646707	351.951329043291	524.969483585068	1290.8596438587	1474.73539837379	19.1712445154276	369.719758697174	373.83059200204	21
561.151465909901	613.109880068445	1061.38886796125	964.429478854145	404.998914773215	350.226128855209	522.154619755604	1330.74078618164	1474.95513742083	47.6101589414638	353.096980518516	373.720696052043	21
534.690631508132	622.818055014683	1063.33712743188	912.867261073691	367.824330236037	358.955816068602	521.239269895645	1281.47598559549	1476.6529495542	32.6041881292731	374.779985586714	372.715296240206	21
582.3484000067	642.132523619971	1085.30154201632	975.001405521942	418.042739561796	370.628344615315	549.025353153656	1329.76490233388	1445.94522760564	22.8732541066252	315.990814062324	338.276441384789	21
576.986537276023	641.691002084049	1085.26733714058	965.105185562836	424.170622910317	375.298468731962	540.687649706607	1317.91455607284	1436.41092936195	22.7857317991	334.981244097045	357.511170530135	21
567.817568647052	641.679703208436	1090.03562950284	960.010288209143	413.041003871474	372.764869051862	537.338668236559	1311.14548556432	1428.63740422643	14.3968345405143	332.465462940261	344.02719860595	21
580.600513062983	646.787098640826	1092.26409095664	962.169944240929	426.095859764425	378.417589243471	546.582362349751	1311.20434100361	1449.23317928634	13.1087125968328	345.409096553369	353.338465267575	21
562.879396951606	644.529572756617	1089.32655343733	962.317790112274	416.569604582173	373.480001706619	547.833571672771	1313.242571508	1448.65488893147	19.6025423971038	345.594118379681	360.236624043467	21
354.954865832555	408.34148481623	803.989689096126	824.390887511631	342.706352839818	305.966902102451	267.644231025776	1212.90039565391	1178.62798044079	352.896935291447	525.70696904367	505.483897579397	22
356.389526878746	408.61852936214	804.533985409566	815.764364653389	345.581391294742	275.221267013426	265.456154787034	1203.67547104101	1182.51329681916	348.015858627364	529.120072409281	501.890714508875	22
351.086840654872	404.798445454061	804.814583042296	820.290481163383	333.104339683502	317.689526107033	267.66040895211	1207.96935875138	1182.49842202024	351.262745896386	529.084573102839	500.346228273575	22
354.234911194595	389.965744115783	794.590469648837	821.555717522594	335.777347086717	307.325625095979	268.457381312751	1208.72747962457	1173.7069821942	340.445001801543	485.264233309809	439.663242343294	22
357.130354182351	393.963490285238	794.071138329635	821.023601486586	326.660328090958	313.927973979994	267.417669033878	1206.54799213166	1170.29690802058	357.749118479187	488.588567340241	447.376810223873	22
364.703718209537	468.859262951051	853.375760428043	836.134496927689	293.205262790583	293.855760722136	303.23329525743	1239.37933717607	1241.79074830935	294.674927659193	517.324597989513	542.521882412875	22
362.531593633875	469.582103440054	853.97669057707	840.105547448441	311.728340796293	292.750562445443	304.003393436572	1241.34107667719	1243.4924038483	300.660620922778	512.814110115375	545.693674988087	22
337.727065073302	469.59573481257	853.728240620085	816.40298820062	298.280896057919	288.123614376963	303.900811747759	1217.07420469978	1242.47487332747	309.386393180917	524.689988350618	543.985732488906	22
372.844619251621	475.883359898626	853.418918631401	842.502681161881	295.209468826425	295.818999607364	305.393211347876	1245.45667334446	1242.51340139844	280.650559379259	511.148526667941	542.856792770492	22
366.855676745276	471.605247899542	857.483269438741	842.268621380342	287.608233737665	287.577290463285	304.399260039055	1246.56312607905	1245.53794080154	281.359918470098	508.763906278471	540.737998516553	22
431.755226881351	447.493891296914	833.760400047497	874.575974085366	381.915602506064	366.864394590665	342.800802326472	1275.7932352186	1221.39225438887	407.111154881471	400.683084209757	387.261831245029	22
424.245873115517	451.511211499981	838.961738989864	860.878582384898	400.452277069563	369.883349233995	343.526203179115	1266.01895793135	1228.66071111026	333.88589613622	272.039176083258	301.855681703005	22
309.061699220924	538.899259810107	874.979734066409	729.723616301124	305.179407365501	282.597300587783	344.946395794177	1136.19968979208	1271.10257331801	272.914982511079	641.800857019501	648.545313054576	22
288.876025179655	540.93304737432	879.01106321072	724.618252998807	302.63897091092	284.730685592062	344.082510110778	1126.86927446796	1276.25828865734	342.165892740678	644.219507992917	644.278454770147	22
298.498484075458	544.790094497364	878.425448292956	738.328237854089	306.459842451572	282.670632465798	343.678683220385	1141.29577002804	1277.8076249826	327.767131687426	629.513813458528	637.633775278483	22
285.996199556569	189.833899739897	392.668772588869	420.236087648941	199.777158015002	204.089046251456	87.399182206193	799.111432837938	786.836127976867	420.98412558988	851.241770129733	884.076678775209	23
290.98990394584	199.931396842578	395.255112211894	419.353594275382	203.613143445967	193.699852970408	95.5747154562006	801.608208948884	781.794726749934	418.291633766034	861.281519513051	885.937198750032	23
278.020637653814	215.919974058733	358.192063081128	410.458943847646	199.331287307978	202.259167735895	97.854453125659	790.192083846824	751.33615088831	391.234178595139	852.076958562844	910.299122031922	23
287.446873631974	194.773121741496	379.075900786735	419.855736176587	202.221812553446	200.35443583037	152.85943547387	808.210002653788	772.27092839522	411.644690217721	845.476302792054	889.421600928578	23
290.205532883935	220.5855658601	349.135962365301	380.77077278786	200.520261408992	194.033101147449	146.89371012563	772.011211314086	731.327289234723	383.884522660517	868.55920940659	914.998970476807	23
312.738874956935	198.398235977785	362.29708183001	354.488713742392	207.69500104242	192.950888876618	146.717396473266	730.994105496946	746.489469870834	381.815434876402	913.179430226379	904.997816417327	23
292.452490771087	188.362902600678	353.939648803561	390.845076299368	206.906925446923	193.463275403602	145.34019707344	770.29947315113	743.604752233284	383.738768186414	870.375577887053	893.522371019027	23
305.961760418762	199.516339222642	350.578043371679	366.79607269806	206.213865041466	196.187056014736	150.682370293182	742.646216355036	739.101317692145	388.512853781298	889.205383451242	907.283349891008	23
285.200971980828	224.784058789368	355.497593745158	381.655283001377	203.42977239289	188.423958905399	144.856866092066	752.923037964024	731.49240576034	390.951362668073	867.035190462197	918.777616068053	23
292.502864066326	209.206338343618	365.815817667792	409.00849976737	202.704029976188	182.786487314139	150.549835843425	780.325404590883	742.95200237626	398.34548770607	864.081413476243	903.135526831646	23
310.783288196587	208.030889856679	363.282082873077	398.022674032536	207.692340412771	197.198117451745	147.355858130214	769.167146683303	741.642437289606	419.41465621261	887.661474550779	903.931760362488	23
321.99706762893	205.019156079111	363.174051876193	376.465134717805	209.448468541206	198.691400539463	148.610673933354	744.016458369204	740.044349978261	406.391391368436	909.959384032932	906.234906895712	23
314.372783831863	196.94034137797	380.472372144406	382.957024780368	207.922958855988	195.33473112812	148.294826273051	750.891819829459	755.212358731264	411.082836786778	907.337683229879	896.30416565868	23
307.132468653525	225.347084123962	388.645467076351	410.907968138785	213.141279698267	230.288444160322	146.741933913724	780.312419041248	761.686024463828	453.469080072819	876.506216131775	904.219584563177	23
312.873837971032	214.608623083078	381.227815578195	371.537908070805	204.248620077725	204.596281760131	148.100713527893	746.24521702355	759.143533622919	416.469345429985	910.344355315685	908.625356497845	23
177.588112562151	539.600191349	684.278198352625	573.736629533507	269.881936132734	275.330065395492	399.074783073987	1018.56722720355	1082.42469084782	529.714226918547	625.605993649865	492.451957621231	15
180.265774714184	527.612271506098	676.31597451138	575.572790290959	267.959405725782	261.062225323832	408.359135736409	1015.1364665031	1072.23205975029	517.141952872139	633.834536684014	503.181174850451	15
177.940480401307	528.633403092505	677.023667621587	572.233561669522	267.969819834708	266.506152106524	396.206625788053	1015.09660871398	1082.26640058553	524.398279662022	626.646107729242	493.943982073274	15
177.009491937231	526.16951023019	672.158541675626	571.74589574342	268.917179237226	269.794829775595	408.338424811573	1016.36243742877	1072.75885031874	520.994549514847	629.29228644685	494.773336658096	15
172.171628415512	516.046392329273	658.539083478298	578.84260022963	264.423584524864	304.232935077033	409.895257160356	1018.55603972484	1061.4192041403	501.24924998715	624.30522301392	493.854463539676	15
165.447024279242	536.280736466627	693.796513747761	571.191908127881	277.116055457406	333.348419813263	409.472226021069	1004.93788366413	1090.25790338525	492.371869739443	634.738599943347	445.447478979404	15
173.302672399511	556.098357607904	716.152781728293	579.573991972472	283.106761435407	340.94299384418	403.89337397646	1009.09911510733	1109.4844114642	530.609233352718	618.458661289619	400.951869400195	15
163.563740721715	562.305672104487	716.261229281153	569.145192439668	285.282937002248	344.800046279848	405.012161255821	1008.85681254106	1115.24455172248	547.19860925006	614.27123657178	386.248798889964	15
173.010742660811	566.221377022037	714.536674841203	566.403764876148	285.216407958466	307.858154815881	403.754881945852	1006.70744873912	1122.37610833649	539.95251509079	627.283271772576	386.312281292447	15
167.794284002748	573.639005258087	724.276403488788	566.354222177658	281.24146104073	319.226071484565	402.723063990896	1002.9571962736	1128.39644835222	568.082079089201	624.010892975538	390.591030384348	15
155.134500159171	519.879811124909	660.369729578298	558.173964662172	295.539533120152	293.250684320664	413.546292855763	998.525559771388	1077.50564163643	530.05221786893	642.283268182087	486.744387146265	15
156.599775633171	520.73217994382	667.848498371665	556.097439260527	298.586095711424	290.40438750547	404.584470018894	999.776250022778	1083.04340144694	527.885862670499	635.981968891685	488.020255408571	15
155.774504556563	535.928916973797	684.692801514225	553.382122809044	298.863125725983	303.61207124499	403.648674015485	997.875781463116	1096.50110255326	536.858838612975	633.804504743465	482.371923365317	15
152.005114036934	514.472467240386	669.320056835562	550.985693272532	298.931533533066	326.213216403852	403.575229439123	996.069791722183	1078.06030529884	524.912229926868	632.866867604058	489.991453531569	15
150.364841186254	524.777976907964	673.915055009972	551.370072451635	299.767225924096	298.121228114512	408.478812420006	995.750972057237	1086.33047334167	534.753470124414	632.545705030754	487.399144516978	15
